$ANSIBLE_VAULT;1.1;AES256
34346532346664663963656163663736623362663832376132653430646435366235653835326631
3731643634313132313233303865346664626631636137370a633065313530313838633163613165
34613866643232373631363364396661363137366239633538333430366637346132626561383832
3134343738386338660a376163663539353630363234646531313561613937313262303733376561
64356638356334306462653065393065303466643639333462346635353437363133623766396464
32623532303038383561343639333661663363386637643038633264323035616462393039616661
37313836353432643736646461663738376165366462623330386230396662343162323362656336
31323662636231396635356364663933623766626464393932363331626363313132353333666330
65323164613439663761646262666235643564383862333266626633373531323039393166623435
33613331663166363263366433393935643665313530303062326530396462646432363661313632
643638366133383765616338343030303464
